SM:2020-09-25T10:42:01.4697149Z
LM:2020-09-25T10:42:01.7307446Z
CT:image/jpeg
MA:2592000
