SM:2020-08-05T09:04:39.5100838Z
LM:2020-08-05T09:04:40.1379575Z
CT:image/jpeg
MA:2592000
