SM:2020-09-23T08:21:28.7425308Z
LM:2020-09-23T08:21:29.0767941Z
CT:image/jpeg
MA:2592000
