SM:2020-10-08T12:58:17.1670067Z
LM:2020-10-08T12:58:17.4213443Z
CT:image/jpeg
MA:2592000
