SM:2020-09-25T11:08:42.7344411Z
LM:2020-09-25T11:08:42.7896747Z
CT:image/jpeg
MA:2592000
