SM:2020-08-03T14:15:42.4075803Z
LM:2020-08-03T14:15:42.9153126Z
CT:image/jpeg
MA:2592000
