SM:2020-10-16T13:19:35.4339416Z
LM:2020-10-16T13:19:35.6614964Z
CT:image/gif
MA:2592000
