SM:2020-10-08T12:19:19.0703036Z
LM:2020-10-08T12:19:19.3945428Z
CT:image/png
MA:2592000
